40
Capitella_telata            0.0000000 0.6212713 0.8265309 0.7217852 0.8713910 0.4828681 0.7189659 0.5790005 0.5985871 0.6240455 0.5401941 0.7332543 0.5703699 0.6622783 0.5892506 0.7420666 0.6944385 0.6281769 0.5843449 0.5526808 0.6227735 0.4978897 0.6330950 0.6114116 0.5410161 0.5372404 0.5438820 0.5724423 0.7182793 0.5661235 0.6956721 0.5184033 0.7407956 0.7368466 0.7451964 0.5919893 0.5784373 0.5544849 0.6704431 0.6937265 
Daphnia_magna               0.6212713 0.0000000 0.8307311 0.7341878 0.8609769 0.4793690 0.7257152 0.5887845 0.5320521 0.6463037 0.5889787 0.7383056 0.5413248 0.5708885 0.6334288 0.7357177 0.6755885 0.5400234 0.5759085 0.5525196 0.5550496 0.5965798 0.6568568 0.5873263 0.5754036 0.5559831 0.5609137 0.4906232 0.7471215 0.6073513 0.7086142 0.5835301 0.7402432 0.7330823 0.7576991 0.5689151 0.5477339 0.5248360 0.6778003 0.7034536 
Echiniscoides_sigismundi    0.8265309 0.8307311 0.0000000 0.4678034 0.5464620 0.5981195 0.8910416 0.8544777 0.8031891 0.8174469 0.8039787 0.7662634 0.8008528 0.8508954 0.8279450 0.7650042 0.7330526 0.8300810 0.7546231 0.7809362 0.8306485 0.8155429 0.8160161 0.8243134 0.8227959 0.7705789 0.7975907 0.8353955 0.8867390 0.8581086 0.8600006 0.8130034 0.7614762 0.7700590 0.9187148 0.8017134 0.8089624 0.7858585 0.8244796 0.8482686 
Echiniscus_bisetosus        0.7217852 0.7341878 0.4678034 0.0000000 0.0954440 0.5498315 0.8042893 0.7311513 0.7104115 0.6814788 0.7096250 0.6535821 0.7246564 0.7898367 0.7923866 0.6610474 0.5722206 0.7432503 0.6948162 0.6856071 0.7099768 0.6983909 0.7496459 0.7349473 0.8017323 0.6709664 0.6835282 0.7513404 0.8084010 0.7215570 0.7679213 0.7307765 0.6435809 0.6477854 0.8505766 0.7333737 0.6883948 0.6874727 0.6959197 0.6967536 
Echiniscus_testudo          0.8713910 0.8609769 0.5464620 0.0954440 0.0000000 0.6202704 0.9335588 0.9074652 0.8402211 0.8623742 0.8293142 0.7717281 0.8211210 0.8956825 0.8587237 0.7793565 0.7316357 0.8659575 0.7512890 0.8154519 0.8590764 0.8372075 0.8856273 0.8669540 0.8273785 0.8103552 0.8353317 0.8719161 0.9215804 0.8547556 0.9125568 0.8046815 0.7701777 0.7806651 0.9398481 0.8465498 0.8358234 0.8053901 0.8576788 0.8859139 
Echinoderes_kohni           0.4828681 0.4793690 0.5981195 0.5498315 0.6202704 0.0000000 0.5916425 0.5148457 0.5036297 0.5326002 0.4414292 0.5890460 0.4809990 0.5067495 0.4963968 0.5858364 0.5654364 0.4952064 0.4146370 0.4918750 0.5079680 0.4611292 0.5353365 0.4971577 0.3656336 0.4451342 0.4369902 0.4818413 0.6526697 0.4727791 0.5865011 0.3529192 0.5828370 0.5973681 0.6292388 0.4931865 0.4764944 0.4532692 0.4950921 0.4891485 
Enoplus_brevis              0.7189659 0.7257152 0.8910416 0.8042893 0.9335588 0.5916425 0.0000000 0.7143634 0.7064274 0.7315986 0.6799168 0.8120168 0.6918267 0.7576351 0.6943054 0.8100839 0.7576324 0.7452164 0.7162253 0.6723518 0.7397694 0.6837944 0.7448144 0.7112516 0.6648728 0.6707290 0.6793608 0.7100500 0.5204001 0.7092443 0.5844972 0.6392657 0.8210780 0.8119690 0.6380623 0.6829265 0.6959672 0.6787748 0.5475792 0.5873156 
Epiperipatus                0.5790005 0.5887845 0.8544777 0.7311513 0.9074652 0.5148457 0.7143634 0.0000000 0.5658966 0.5599133 0.5227861 0.7211393 0.5124052 0.6278590 0.5690206 0.7247710 0.6357979 0.6003345 0.2687547 0.2411653 0.5937641 0.5496043 0.5551772 0.5559941 0.2610411 0.2427950 0.2532028 0.5175902 0.7022736 0.5344985 0.6829170 0.5265819 0.7311726 0.7076111 0.7631070 0.5310949 0.4953960 0.4871215 0.6591643 0.6617498 
Frakliniella_occidentalis   0.5985871 0.5320521 0.8031891 0.7104115 0.8402211 0.5036297 0.7064274 0.5658966 0.0000000 0.6683054 0.5744079 0.7220538 0.5425974 0.4766759 0.6213340 0.7188789 0.6869427 0.4146664 0.5493230 0.5332745 0.5483885 0.5771229 0.6752438 0.5701083 0.5193287 0.5332820 0.5295884 0.4703438 0.7263017 0.6012505 0.7068661 0.5834185 0.7278594 0.7267108 0.7466914 0.5558362 0.5530602 0.5210985 0.6730028 0.6995100 
Gordius                     0.6240455 0.6463037 0.8174469 0.6814788 0.8623742 0.5326002 0.7315986 0.5599133 0.6683054 0.0000000 0.5921987 0.7380918 0.6387318 0.6628612 0.6043449 0.7266408 0.6912804 0.6531531 0.6085777 0.5369551 0.6701215 0.6113115 0.0354087 0.6288761 0.4442329 0.5404786 0.5547031 0.5798247 0.7260167 0.6381262 0.6996107 0.6033272 0.7514900 0.7490094 0.6664727 0.6122812 0.6196021 0.5910812 0.6731057 0.6692832 
Halicryptus_spinolosus      0.5401941 0.5889787 0.8039787 0.7096250 0.8293142 0.4414292 0.6799168 0.5227861 0.5744079 0.5921987 0.0000000 0.7049490 0.5202002 0.6315034 0.5004673 0.7132791 0.6643099 0.5931097 0.5163995 0.4978501 0.5925820 0.5253912 0.6032225 0.5719113 0.5041276 0.4878589 0.4904886 0.5423784 0.6975318 0.3120693 0.6711929 0.4734734 0.7117453 0.7024587 0.7194486 0.5483033 0.5422337 0.5007764 0.6452582 0.6656014 
Hypsibius_dujardini         0.7332543 0.7383056 0.7662634 0.6535821 0.7717281 0.5890460 0.8120168 0.7211393 0.7220538 0.7380918 0.7049490 0.0000000 0.7022626 0.7721448 0.7364959 0.3828337 0.4236675 0.7489984 0.6754210 0.6783605 0.7540751 0.7101494 0.7492854 0.7347243 0.6858406 0.6788974 0.6773514 0.7218704 0.8154815 0.7223122 0.7951955 0.6957203 0.3271294 0.3443231 0.8288286 0.7215875 0.7083488 0.6940604 0.7673245 0.7795073 
Limulus_polyphemus          0.5703699 0.5413248 0.8008528 0.7246564 0.8211210 0.4809990 0.6918267 0.5124052 0.5425974 0.6387318 0.5202002 0.7022626 0.0000000 0.5953620 0.5810054 0.7030874 0.6430601 0.5495210 0.4953568 0.4746766 0.5586401 0.5316298 0.6554295 0.4454783 0.4710719 0.4696311 0.4874435 0.4797079 0.7167522 0.5427057 0.6750738 0.5085987 0.7057617 0.6891220 0.7365272 0.4209592 0.4778823 0.0637804 0.6574011 0.6771874 
Manduca_sexta               0.6622783 0.5708885 0.8508954 0.7898367 0.8956825 0.5067495 0.7576351 0.6278590 0.4766759 0.6628612 0.6315034 0.7721448 0.5953620 0.0000000 0.6767690 0.7639012 0.7290115 0.4606394 0.5993333 0.5887556 0.5896972 0.6319570 0.6758270 0.6200181 0.5897376 0.5926019 0.5870755 0.5321647 0.7744800 0.6562475 0.7576928 0.6114858 0.7719860 0.7698717 0.7978340 0.6059477 0.5969825 0.5722311 0.7172391 0.7331393 
Meiopriapulus               0.5892506 0.6334288 0.8279450 0.7923866 0.8587237 0.4963968 0.6943054 0.5690206 0.6213340 0.6043449 0.5004673 0.7364959 0.5810054 0.6767690 0.0000000 0.7483899 0.6823683 0.6358402 0.6093440 0.5481999 0.6314955 0.5718695 0.6183800 0.6061366 0.5809112 0.5437680 0.5490333 0.5812525 0.7066979 0.5235990 0.6919054 0.5387098 0.7412237 0.7273096 0.7323546 0.5895477 0.5785504 0.5478584 0.6661192 0.6926645 
Mesobiotus_philippinicus    0.7420666 0.7357177 0.7650042 0.6610474 0.7793565 0.5858364 0.8100839 0.7247710 0.7188789 0.7266408 0.7132791 0.3828337 0.7030874 0.7639012 0.7483899 0.0000000 0.4536934 0.7398719 0.6789633 0.6740615 0.7565756 0.7029945 0.7221871 0.7249811 0.6555884 0.6660248 0.6560716 0.7168626 0.8054424 0.7289516 0.7879374 0.7003162 0.3954380 0.3144987 0.8317594 0.7078390 0.7008109 0.6865061 0.7625304 0.7688159 
Milnesium_tardigradum       0.6944385 0.6755885 0.7330526 0.5722206 0.7316357 0.5654364 0.7576324 0.6357979 0.6869427 0.6912804 0.6643099 0.4236675 0.6430601 0.7290115 0.6823683 0.4536934 0.0000000 0.7105616 0.6028811 0.6282018 0.7005483 0.6626019 0.6934121 0.6745177 0.6584509 0.6206194 0.5867780 0.6715526 0.7480103 0.6774736 0.7182926 0.5175700 0.4348389 0.4211636 0.7268076 0.6682091 0.6575140 0.6476702 0.6990348 0.7370360 
Neodiprion_lecontei         0.6281769 0.5400234 0.8300810 0.7432503 0.8659575 0.4952064 0.7452164 0.6003345 0.4146664 0.6531531 0.5931097 0.7489984 0.5495210 0.4606394 0.6358402 0.7398719 0.7105616 0.0000000 0.5738546 0.5556372 0.5638997 0.5985107 0.6657656 0.5909369 0.5528920 0.5565094 0.5623298 0.4871855 0.7513821 0.6175288 0.7267303 0.5837548 0.7519491 0.7449554 0.7749069 0.5706592 0.5547630 0.5303839 0.6913391 0.7134662 
Ooperipatellus              0.5843449 0.5759085 0.7546231 0.6948162 0.7512890 0.4146370 0.7162253 0.2687547 0.5493230 0.6085777 0.5163995 0.6754210 0.4953568 0.5993333 0.6093440 0.6789633 0.6028811 0.5738546 0.0000000 0.1642645 0.5664034 0.5306247 0.6000862 0.5513870 0.0936040 0.1030097 0.1647430 0.5519272 0.6853021 0.5374383 0.6903966 0.4479588 0.6862745 0.6821385 0.7591252 0.5278652 0.4917712 0.4849440 0.6282533 0.6393362 
Opisthopatus_kwazululandi   0.5526808 0.5525196 0.7809362 0.6856071 0.8154519 0.4918750 0.6723518 0.2411653 0.5332745 0.5369551 0.4978501 0.6783605 0.4746766 0.5887556 0.5481999 0.6740615 0.6282018 0.5556372 0.1642645 0.0000000 0.5692782 0.5131260 0.5319573 0.5270758 0.1555261 0.1416498 0.1098850 0.5012966 0.6789672 0.5222661 0.6571748 0.4791420 0.6864853 0.6726080 0.7112943 0.5068722 0.4799122 0.4584175 0.6273331 0.6507267 
Paeneus_vanammei            0.6227735 0.5550496 0.8306485 0.7099768 0.8590764 0.5079680 0.7397694 0.5937641 0.5483885 0.6701215 0.5925820 0.7540751 0.5586401 0.5896972 0.6314955 0.7565756 0.7005483 0.5638997 0.5664034 0.5692782 0.0000000 0.5985203 0.6804928 0.5957494 0.5786730 0.5624753 0.5797046 0.4973321 0.7500962 0.6093730 0.7279373 0.5990437 0.7582485 0.7531093 0.7770454 0.5779974 0.5652704 0.5373301 0.7000415 0.7269752 
Pamacea_canaliculata        0.4978897 0.5965798 0.8155429 0.6983909 0.8372075 0.4611292 0.6837944 0.5496043 0.5771229 0.6113115 0.5253912 0.7101494 0.5316298 0.6319570 0.5718695 0.7029945 0.6626019 0.5985107 0.5306247 0.5131260 0.5985203 0.0000000 0.6233705 0.5727095 0.5017313 0.4980341 0.5125524 0.5561348 0.6920929 0.5444611 0.6711715 0.4952241 0.7158331 0.7053330 0.7171682 0.5524787 0.5490835 0.5166427 0.6437709 0.6663866 
Paragordius_varius          0.6330950 0.6568568 0.8160161 0.7496459 0.8856273 0.5353365 0.7448144 0.5551772 0.6752438 0.0354087 0.6032225 0.7492854 0.6554295 0.6758270 0.6183800 0.7221871 0.6934121 0.6657656 0.6000862 0.5319573 0.6804928 0.6233705 0.0000000 0.6321078 0.4447858 0.5499098 0.5687510 0.5860846 0.7415651 0.6434944 0.7012329 0.6353348 0.7572246 0.7552719 0.6793988 0.6182766 0.6354205 0.5943972 0.6939277 0.6875630 
Parasteatoda_tepidariorum   0.6114116 0.5873263 0.8243134 0.7349473 0.8669540 0.4971577 0.7112516 0.5559941 0.5701083 0.6288761 0.5719113 0.7347243 0.4454783 0.6200181 0.6061366 0.7249811 0.6745177 0.5909369 0.5513870 0.5270758 0.5957494 0.5727095 0.6321078 0.0000000 0.5255276 0.5214849 0.5420210 0.5426416 0.7183869 0.5916684 0.6927098 0.5408744 0.7402266 0.7215129 0.7359948 0.2318262 0.5198252 0.4336619 0.6655957 0.6954901 
Peripatoides                0.5410161 0.5754036 0.8227959 0.8017323 0.8273785 0.3656336 0.6648728 0.2610411 0.5193287 0.4442329 0.5041276 0.6858406 0.4710719 0.5897376 0.5809112 0.6555884 0.6584509 0.5528920 0.0936040 0.1555261 0.5786730 0.5017313 0.4447858 0.5255276 0.0000000 0.0388298 0.1559975 0.5316741 0.6829977 0.5011082 0.6848138 0.4333044 0.6771435 0.6913907 0.6927814 0.5230560 0.4831562 0.4643277 0.6079395 0.5996864 
Peripatoides_novaezelandiae 0.5372404 0.5559831 0.7705789 0.6709664 0.8103552 0.4451342 0.6707290 0.2427950 0.5332820 0.5404786 0.4878589 0.6788974 0.4696311 0.5926019 0.5437680 0.6660248 0.6206194 0.5565094 0.1030097 0.1416498 0.5624753 0.4980341 0.5499098 0.5214849 0.0388298 0.0000000 0.1372912 0.4961230 0.6704118 0.5108129 0.6495347 0.4820788 0.6856476 0.6699243 0.7097934 0.5013773 0.4780122 0.4554941 0.6290152 0.6487424 
Peripatopsis_capensis       0.5438820 0.5609137 0.7975907 0.6835282 0.8353317 0.4369902 0.6793608 0.2532028 0.5295884 0.5547031 0.4904886 0.6773514 0.4874435 0.5870755 0.5490333 0.6560716 0.5867780 0.5623298 0.1647430 0.1098850 0.5797046 0.5125524 0.5687510 0.5420210 0.1559975 0.1372912 0.0000000 0.5108869 0.6692352 0.5132244 0.6666925 0.4714324 0.6872136 0.6704626 0.7096804 0.5145571 0.4854235 0.4717470 0.6377993 0.6547454 
Pleomothra                  0.5724423 0.4906232 0.8353955 0.7513404 0.8719161 0.4818413 0.7100500 0.5175902 0.4703438 0.5798247 0.5423784 0.7218704 0.4797079 0.5321647 0.5812525 0.7168626 0.6715526 0.4871855 0.5519272 0.5012966 0.4973321 0.5561348 0.5860846 0.5426416 0.5316741 0.4961230 0.5108869 0.0000000 0.7039229 0.5611326 0.6946175 0.5272305 0.7322652 0.7170782 0.7433252 0.5106085 0.4861275 0.4669423 0.6668115 0.6926356 
Pontonema_vulgare           0.7182793 0.7471215 0.8867390 0.8084010 0.9215804 0.6526697 0.5204001 0.7022736 0.7263017 0.7260167 0.6975318 0.8154815 0.7167522 0.7744800 0.7066979 0.8054424 0.7480103 0.7513821 0.6853021 0.6789672 0.7500962 0.6920929 0.7415651 0.7183869 0.6829977 0.6704118 0.6692352 0.7039229 0.0000000 0.7167741 0.5969197 0.6958295 0.8222879 0.8114949 0.6402186 0.6923805 0.7132113 0.6854503 0.5714497 0.5881522 
Priapulus_caudatus          0.5661235 0.6073513 0.8581086 0.7215570 0.8547556 0.4727791 0.7092443 0.5344985 0.6012505 0.6381262 0.3120693 0.7223122 0.5427057 0.6562475 0.5235990 0.7289516 0.6774736 0.6175288 0.5374383 0.5222661 0.6093730 0.5444611 0.6434944 0.5916684 0.5011082 0.5108129 0.5132244 0.5611326 0.7167741 0.0000000 0.6985686 0.4765578 0.7324028 0.7234747 0.7532285 0.5690227 0.5625312 0.5218727 0.6713562 0.6952123 
Prionchulus_punctatus       0.6956721 0.7086142 0.8600006 0.7679213 0.9125568 0.5865011 0.5844972 0.6829170 0.7068661 0.6996107 0.6711929 0.7951955 0.6750738 0.7576928 0.6919054 0.7879374 0.7182926 0.7267303 0.6903966 0.6571748 0.7279373 0.6711715 0.7012329 0.6927098 0.6848138 0.6495347 0.6666925 0.6946175 0.5969197 0.6985686 0.0000000 0.6559597 0.8031513 0.7924515 0.4453823 0.6837891 0.6827108 0.6576117 0.5380431 0.4658575 
Pycnophyes                  0.5184033 0.5835301 0.8130034 0.7307765 0.8046815 0.3529192 0.6392657 0.5265819 0.5834185 0.6033272 0.4734734 0.6957203 0.5085987 0.6114858 0.5387098 0.7003162 0.5175700 0.5837548 0.4479588 0.4791420 0.5990437 0.4952241 0.6353348 0.5408744 0.4333044 0.4820788 0.4714324 0.5272305 0.6958295 0.4765578 0.6559597 0.0000000 0.6928453 0.6726840 0.6648043 0.5321010 0.4876408 0.4832843 0.6120548 0.6431478 
Ramazzottius_varieornatus   0.7407956 0.7402432 0.7614762 0.6435809 0.7701777 0.5828370 0.8210780 0.7311726 0.7278594 0.7514900 0.7117453 0.3271294 0.7057617 0.7719860 0.7412237 0.3954380 0.4348389 0.7519491 0.6862745 0.6864853 0.7582485 0.7158331 0.7572246 0.7402266 0.6771435 0.6856476 0.6872136 0.7322652 0.8222879 0.7324028 0.8031513 0.6928453 0.0000000 0.3626174 0.8385607 0.7236221 0.7129002 0.6949449 0.7713701 0.7868365 
Richtersius_coronifer       0.7368466 0.7330823 0.7700590 0.6477854 0.7806651 0.5973681 0.8119690 0.7076111 0.7267108 0.7490094 0.7024587 0.3443231 0.6891220 0.7698717 0.7273096 0.3144987 0.4211636 0.7449554 0.6821385 0.6726080 0.7531093 0.7053330 0.7552719 0.7215129 0.6913907 0.6699243 0.6704626 0.7170782 0.8114949 0.7234747 0.7924515 0.6726840 0.3626174 0.0000000 0.8395524 0.7049717 0.6990144 0.6849319 0.7634665 0.7787297 
Romanomermis_culicivorax    0.7451964 0.7576991 0.9187148 0.8505766 0.9398481 0.6292388 0.6380623 0.7631070 0.7466914 0.6664727 0.7194486 0.8288286 0.7365272 0.7978340 0.7323546 0.8317594 0.7268076 0.7749069 0.7591252 0.7112943 0.7770454 0.7171682 0.6793988 0.7359948 0.6927814 0.7097934 0.7096804 0.7433252 0.6402186 0.7532285 0.4453823 0.6648043 0.8385607 0.8395524 0.0000000 0.7047623 0.7346040 0.7160176 0.6001616 0.5443695 
Stegodyphus_mimosarum       0.5919893 0.5689151 0.8017134 0.7333737 0.8465498 0.4931865 0.6829265 0.5310949 0.5558362 0.6122812 0.5483033 0.7215875 0.4209592 0.6059477 0.5895477 0.7078390 0.6682091 0.5706592 0.5278652 0.5068722 0.5779974 0.5524787 0.6182766 0.2318262 0.5230560 0.5013773 0.5145571 0.5106085 0.6923805 0.5690227 0.6837891 0.5321010 0.7236221 0.7049717 0.7047623 0.0000000 0.4934310 0.4086250 0.6486748 0.6694009 
Strigamia_maritima          0.5784373 0.5477339 0.8089624 0.6883948 0.8358234 0.4764944 0.6959672 0.4953960 0.5530602 0.6196021 0.5422337 0.7083488 0.4778823 0.5969825 0.5785504 0.7008109 0.6575140 0.5547630 0.4917712 0.4799122 0.5652704 0.5490835 0.6354205 0.5198252 0.4831562 0.4780122 0.4854235 0.4861275 0.7132113 0.5625312 0.6827108 0.4876408 0.7129002 0.6990144 0.7346040 0.4934310 0.0000000 0.4620132 0.6525048 0.6722155 
Tachypleu                   0.5544849 0.5248360 0.7858585 0.6874727 0.8053901 0.4532692 0.6787748 0.4871215 0.5210985 0.5910812 0.5007764 0.6940604 0.0637804 0.5722311 0.5478584 0.6865061 0.6476702 0.5303839 0.4849440 0.4584175 0.5373301 0.5166427 0.5943972 0.4336619 0.4643277 0.4554941 0.4717470 0.4669423 0.6854503 0.5218727 0.6576117 0.4832843 0.6949449 0.6849319 0.7160176 0.4086250 0.4620132 0.0000000 0.6328572 0.6571911 
Tobrilus                    0.6704431 0.6778003 0.8244796 0.6959197 0.8576788 0.4950921 0.5475792 0.6591643 0.6730028 0.6731057 0.6452582 0.7673245 0.6574011 0.7172391 0.6661192 0.7625304 0.6990348 0.6913391 0.6282533 0.6273331 0.7000415 0.6437709 0.6939277 0.6655957 0.6079395 0.6290152 0.6377993 0.6668115 0.5714497 0.6713562 0.5380431 0.6120548 0.7713701 0.7634665 0.6001616 0.6486748 0.6525048 0.6328572 0.0000000 0.5326698 
Xiphinema_index             0.6937265 0.7034536 0.8482686 0.6967536 0.8859139 0.4891485 0.5873156 0.6617498 0.6995100 0.6692832 0.6656014 0.7795073 0.6771874 0.7331393 0.6926645 0.7688159 0.7370360 0.7134662 0.6393362 0.6507267 0.7269752 0.6663866 0.6875630 0.6954901 0.5996864 0.6487424 0.6547454 0.6926356 0.5881522 0.6952123 0.4658575 0.6431478 0.7868365 0.7787297 0.5443695 0.6694009 0.6722155 0.6571911 0.5326698 0.0000000 
