
# Input the data

## C60

C60_1 <- c(0.1534363248, 0.0444389067, 0.0796726990, 0.0546757288, 0.0047306596, 0.0514333025, 0.0529324359, 0.1103775749, 0.0174480218, 0.0050343887, 0.0130294160, 0.0603928711, 0.0075550589, 0.0035554315, 0.0249523704, 0.2029625968, 0.0957668473, 0.0014444483, 0.0059800307, 0.0101808864)
C60_2 <- c(0.0281984692, 0.3031055487, 0.0312954609, 0.0091549350, 0.0019503463, 0.0939884393, 0.0388530140, 0.0084028325, 0.0155384715, 0.0107872879, 0.0217786594, 0.3476042929, 0.0109904917, 0.0015919288, 0.0071539896, 0.0197479052, 0.0328352333, 0.0009209994, 0.0025714024, 0.0135302919)
C60_3 <- c(0.0083680740, 0.0007319768, 0.0006123446, 0.0002228366, 0.0020433870, 0.0009498685, 0.0004731544, 0.0004825748, 0.0005189995, 0.3768453098, 0.2608334606, 0.0006296168, 0.0315700586, 0.0123984358, 0.0009595916, 0.0009746383, 0.0049990761, 0.0008657759, 0.0017132332, 0.2938075872)
C60_4 <- c(0.2227229348, 0.0064846074, 0.0061206496, 0.0007997588, 0.1640285908, 0.0051051888, 0.0027280806, 0.0202702520, 0.0037183875, 0.0455406072, 0.0883350071, 0.0022832871, 0.0348094559, 0.0228667054, 0.0035471579, 0.0850040072, 0.1012848285, 0.0048424833, 0.0096500033, 0.1698580069)
C60_5 <- c(0.0412139519, 0.0067627055, 0.0051067690, 0.0017434391, 0.0204715649, 0.0057538477, 0.0037263409, 0.0069107492, 0.0180293946, 0.1154281623, 0.1693562458, 0.0042900270, 0.0414066566, 0.2239001858, 0.0058416410, 0.0149106129, 0.0239548406, 0.0332237129, 0.1379349474, 0.1200342049)
C60_6 <- c(0.0480550249, 0.0308438053, 0.0940628721, 0.2084606133, 0.0037801787, 0.0747676701, 0.1855184661, 0.0191402239, 0.0872162350, 0.0094685435, 0.0277340828, 0.0375741243, 0.0088308358, 0.0196000958, 0.0081267777, 0.0439680761, 0.0324588883, 0.0034665720, 0.0387499964, 0.0181769181)
C60_7 <- c(0.0062848745, 0.0026246919, 0.0030342510, 0.0005324147, 0.0073027627, 0.0034409089, 0.0009741492, 0.0019578159, 0.0102225186, 0.0180592309, 0.1179064681, 0.0016205916, 0.0234721825, 0.3974552519, 0.0020165583, 0.0056903327, 0.0037091821, 0.0598639097, 0.3185565304, 0.0152753744)
C60_8 <- c(0.1815005560, 0.0026845411, 0.0148484537, 0.0025145485, 0.4205633920, 0.0014097001, 0.0007088144, 0.0461854175, 0.0014374605, 0.0041745536, 0.0098310464, 0.0006474254, 0.0041611385, 0.0068976432, 0.0038767247, 0.1864537050, 0.0687189855, 0.0027083549, 0.0061033012, 0.0345742379)
C60_9 <- c(0.0600740822, 0.0367642654, 0.0134869242, 0.0170572285, 0.0070719770, 0.0142469806, 0.0127486975, 0.0343564471, 0.0305859029, 0.0204571345, 0.0994551128, 0.0212367087, 0.0318165939, 0.1140907926, 0.0297628218, 0.0505792699, 0.0339368402, 0.2312808862, 0.1192491702, 0.0217421638)
C60_10 <- c(0.0708394513, 0.0474098489, 0.0416822304, 0.0324482918, 0.0131641265, 0.0494874703, 0.0508264389, 0.0183309196, 0.0567272697, 0.0650369079, 0.1282255556, 0.0343618389, 0.0390362930, 0.0594359563, 0.0135608209, 0.0551343199, 0.0642260358, 0.0137118382, 0.0673934289, 0.0789609573)
C60_11 <- c(0.0617689371, 0.0076332888, 0.0303081645, 0.3430234188, 0.0007199837, 0.0307856241, 0.3792509407, 0.0284658686, 0.0079592120, 0.0016999627, 0.0039945339, 0.0216076877, 0.0019734329, 0.0009814186, 0.0174791407, 0.0337831940, 0.0203426591, 0.0006130268, 0.0017102752, 0.0058992300)
C60_12 <- c(0.0421559537, 0.1042068314, 0.0286980872, 0.0164385240, 0.0044450330, 0.1393690851, 0.0531949072, 0.0134711207, 0.0177764997, 0.0267727728, 0.1967237776, 0.1323735242, 0.1182827521, 0.0086728324, 0.0051837880, 0.0255852718, 0.0333292020, 0.0045852327, 0.0070281498, 0.0217066546)
C60_13 <- c(0.2814809927, 0.0100367066, 0.0172867775, 0.0064385734, 0.0258337508, 0.0133101925, 0.0115046410, 0.0270054934, 0.0054629657, 0.0188216093, 0.0190993462, 0.0098712843, 0.0158719589, 0.0050481705, 0.0129510033, 0.1886808600, 0.2427104979, 0.0012274627, 0.0036052922, 0.0837524211)
C60_14 <- c(0.2769188320, 0.0017226995, 0.0021315271, 0.0011672545, 0.0318292645, 0.0018216251, 0.0024752467, 0.0199646887, 0.0005170863, 0.0983109006, 0.0489264326, 0.0016232163, 0.0173414948, 0.0070843906, 0.0070179705, 0.0336348952, 0.0814141404, 0.0007118144, 0.0032942319, 0.3620922883)
C60_15 <- c(0.1577797792, 0.1112140270, 0.0570403237, 0.0648290471, 0.0053318076, 0.1065373681, 0.0913586945, 0.0906209718, 0.0533809635, 0.0029171632, 0.0156225571, 0.0782148712, 0.0045758969, 0.0025047816, 0.0067077844, 0.0929310045, 0.0393122597, 0.0028575821, 0.0077590269, 0.0085040899)
C60_16 <- c(0.0593735135, 0.0354740772, 0.1151175314, 0.2189482708, 0.0015332173, 0.0688752402, 0.1819422913, 0.0813707101, 0.0220478285, 0.0020993577, 0.0056191259, 0.0750172075, 0.0021871739, 0.0010838321, 0.0109737422, 0.0726449461, 0.0380238271, 0.0007346460, 0.0026664883, 0.0042669729)
C60_17 <- c(0.0978066326, 0.0265576438, 0.0101843505, 0.0120781428, 0.0064138404, 0.0307876446, 0.0291282947, 0.0128912798, 0.0128036716, 0.0723904209, 0.1279438950, 0.0245630658, 0.0303267312, 0.0198963719, 0.2723524069, 0.0350549441, 0.0484557340, 0.0046842467, 0.0104773833, 0.1152032995)
C60_18 <- c(0.0124023388, 0.0030680354, 0.0009239105, 0.0006037316, 0.0041885695, 0.0032957441, 0.0012524000, 0.0011306791, 0.0013542104, 0.2344167852, 0.4550557697, 0.0016718177, 0.0667307666, 0.0610615367, 0.0037076169, 0.0019420934, 0.0067612939, 0.0038937184, 0.0074911765, 0.1290478057)
C60_19 <- c(0.0794230623, 0.1294739355, 0.0662792725, 0.0587236242, 0.0019919499, 0.1143880588, 0.1246900644, 0.0325432311, 0.0238605372, 0.0036277150, 0.0097987961, 0.2147597316, 0.0041846209, 0.0012869951, 0.0142410239, 0.0615807386, 0.0477333594, 0.0006525371, 0.0029420233, 0.0078187231)
C60_20 <- c(0.0248148778, 0.0083552910, 0.1888915388, 0.4278832998, 0.0027839717, 0.0210777725, 0.1432386297, 0.0643968435, 0.0185736870, 0.0022506941, 0.0034558626, 0.0179274104, 0.0015714503, 0.0014680353, 0.0073768035, 0.0377003132, 0.0187767966, 0.0005891859, 0.0042602708, 0.0046072655)
C60_21 <- c(0.0017003427, 0.0060674330, 0.0004222900, 0.0010711490, 0.0029059420, 0.0016424179, 0.0011731741, 0.0035579609, 0.0027630465, 0.0012291190, 0.0127420810, 0.0004273804, 0.0025671348, 0.0513377024, 0.0013536738, 0.0011871674, 0.0014033068, 0.8640436936, 0.0390912582, 0.0033137266)
C60_22 <- c(0.0468360682, 0.0639796924, 0.0205603686, 0.0185615516, 0.0059954138, 0.0557030821, 0.0705436036, 0.0045435329, 0.0152062773, 0.1550613356, 0.0824253382, 0.0866248354, 0.0245854443, 0.0080177192, 0.0081485616, 0.0237025617, 0.0962054496, 0.0018368673, 0.0067131723, 0.2047491243)
C60_23 <- c(0.0258764792, 0.0201097124, 0.0298384107, 0.0107037437, 0.0142503909, 0.0158529432, 0.0105649532, 0.0073064999, 0.1411078834, 0.0114777629, 0.0407992414, 0.0119179202, 0.0098798997, 0.1876429961, 0.0051228805, 0.0275699644, 0.0170764901, 0.0405124999, 0.3536390834, 0.0187502449)
C60_24 <- c(0.0296285022, 0.0046400334, 0.0034944393, 0.0008851024, 0.0090046468, 0.0055481111, 0.0033046518, 0.0027969482, 0.0050701500, 0.2583397750, 0.2668085481, 0.0046690936, 0.0770825277, 0.0408798247, 0.0026918193, 0.0068538089, 0.0322265673, 0.0035506055, 0.0153353414, 0.2271895033)
C60_25 <- c(0.0555725806, 0.0098447861, 0.0409064430, 0.0140389597, 0.0097418602, 0.0068727710, 0.0069443190, 0.0157956555, 0.0041631258, 0.0069826497, 0.0075271247, 0.0139224817, 0.0058762687, 0.0034496730, 0.0119733364, 0.3482466393, 0.4213655981, 0.0010061491, 0.0026576772, 0.0131119012)
C60_26 <- c(0.0682671212, 0.0615207091, 0.0530661192, 0.0360278709, 0.0141433148, 0.0612274332, 0.0497415394, 0.0268696520, 0.1127674983, 0.0132646615, 0.0544493838, 0.0482609047, 0.0170033964, 0.0803375967, 0.0191949850, 0.0671839752, 0.0443995774, 0.0199957919, 0.1255070748, 0.0267713947)
C60_27 <- c(0.0792618808, 0.0638377192, 0.0635289371, 0.0436646174, 0.0049503302, 0.0666365188, 0.0829639117, 0.0183428565, 0.0233169239, 0.0249427251, 0.0221483402, 0.0932577596, 0.0120893380, 0.0049131149, 0.0126360122, 0.1334848656, 0.1916745928, 0.0018040086, 0.0062353115, 0.0503102360)
